camera_number: 2
cam0:
  camera_name: right_regular_camera
  # transformation from right regular camera to body
  T_body_cam: [-0.8559094600942719  ,  0.03282367872940703, -0.5160829412369679 , -0.07030097143377148,
                0.008762195725007381, -0.9969197402166858 , -0.07793751017559626, -0.04606222241559861,
               -0.5170514675031952  , -0.07122947199694225,  0.8529854291087445 , -0.02486834902968111,
                0                   ,  0                  ,  0                  ,  1                  ]
  # transformation from body to right regular camera
  T_cam_body: [-0.8559094600942729 ,  0.008762195725007381, -0.5170514675031953, -0.07262587665582623,
                0.03282367872940706, -0.9969197402166869  , -0.0712294719969423, -0.04538416167447434,
               -0.5160829412369682 , -0.0779375101755963  ,  0.8529854291087445, -0.01865876766927459,
                0                  ,  0                   ,  0                 ,  1                  ]
cam1:
  camera_name: left_regular_camera
  # transformation from left regular camera to body
  T_body_cam: [-0.8571370239765715 ,  0.01322063096422758, -0.5149187674240417 ,  0.06315837246891948,
                0.03276713258773899, -0.9962462506036182 , -0.08012317505073686, -0.02785306005411673,
               -0.514045170340666  , -0.08554895133864117,  0.853486344222504  ,  0.0704789883105976 ,
                0                  ,  0                  ,  0                  ,  1                  ]
  # transformation from body to left regular camera
  T_cam_body: [-0.857137023976571  ,  0.03276713258773897, -0.5140451703406658 ,  0.09127742788053987,
                0.01322063096422759, -0.9962462506036175 , -0.08554895133864114, -0.02255409664008403,
               -0.5149187674240416 , -0.08012317505073682,  0.853486344222504  , -0.02986309837992267,
                0                  ,  0                  ,  0                  ,  1                  ]
