camera_number: 4
cam0:
  camera_name: right_regular_camera
cam1:
  camera_name: left_regular_camera
  # transformation from left regular camera to right regular camera
  T_cam0_cam1: [ 0.9997191093115114  , 0.02251360014601145 , -0.007405422733632427, -0.1713977289992588  , 
                -0.02252605393080757 , 0.9997449717424821  , -0.00160261346868989 ,  0.003471521753667083,
                 0.007367453542753788, 0.001768978261367521,  0.9999712952601221  ,  0.003596173225451783,
                 0                   , 0                   ,  0                   ,  1                   ]
cam2:
  camera_name: right_event_camera
  # transformation from right event camera to right regular camera
  T_cam0_cam2: [ 0.9998979872269048  , 0.01347154958284743, -0.004746840151254863, -0.001286788457001466,
                -0.01354722767418275 , 0.9997755504937031 , -0.01628868494866257 , -0.04097222201413276 ,
                 0.004526340898401155, 0.01635132981900288,  0.9998560627666473  , -0.01400207830622054 ,
                 0                   , 0                  ,  0                   ,  1                   ]
cam3:
  camera_name: left_event_camera
  # transformation from left event camera to right regular camera
  T_cam0_cam3: [ 0.9992471151020628 , 0.03404956196381132, -0.01859651285262026, -0.1729589620036198 , 
                -0.03436814852304752, 0.9992631213177079 , -0.01708931658931202, -0.03715344678580593,
                 0.01800092573460723, 0.01771557801666547,  0.9996810116073191 , -0.01114215220063888, 
                 0                  , 0                  ,  0                  ,  1                  ]
