camera_number: 5
cam0:
  camera_name: right_regular_camera
cam1:
  camera_name: left_regular_camera
  # transformation from left regular camera to right regular camera
  T_cam0_cam1: [ 0.9996848573973216  , 0.02491197245091237 , -0.003095079821529713, -0.1711537501360051  , 
                -0.02491593509444492 , 0.9996887703993224  , -0.001248405327011983,  0.003232685668268719,
                 0.003063016301958698, 0.001325128709253391,  0.9999944309670119  ,  0.004076590570776608, 
                 0                   , 0                   ,  0                   ,  1                   ]
cam2:
  camera_name: right_event_camera
  # transformation from right event camera to right regular camera
  T_cam0_cam2: [ 0.9998182675729159 , 0.01404572599100128 , -0.01288989561163674 , -0.001430500184287365,
                -0.01415808782031008, 0.9998622012227122  , -0.008667589938677478, -0.04140549540182561 ,
                 0.01276637680650107, 0.008848511030585135,  0.999879354460215   , -0.01276334536069966 , 
                 0                  , 0                   ,  0                   ,  1                   ]
cam3:
  camera_name: left_event_camera
  # transformation from left event camera to right regular camera
  T_cam0_cam3: [ 0.9994164798872825  , 0.03406329099459083,  0.00252822790326288, -0.1716186409895308 , 
                -0.03403556899662459 , 0.9993675514947058 , -0.01029937194942759, -0.03756947040505097, 
                -0.002877459433079297, 0.01020731238350604,  0.9999437639193099 , -0.01005399738962424, 
                 0                   , 0                  ,  0                  ,  1                  ]
cam4:
  camera_name: rgbd_color_camera
  # transformation from rgbd color camera to right regular camera
  T_cam0_cam4: [ 0.9998303657633949 ,  0.01831637008067855, 0.001936565130252584, -0.05449872912787407, 
                -0.01835585148372944,  0.9995705851854719 , 0.02284092704512041 , -0.03523290646171286, 
                -0.00151737066775215, -0.02287259974381724, 0.9997372363612429  ,  0.00384199090745212, 
                 0                  ,  0                  , 0                   ,  1                  ]
